# Space

000000
000000
000000
000000
000000
000000
000000
000000
000000
000000
000000
000000

# !

000000
000000
000000
001000
001000
001000
001000
001000
000000
001000
000000
000000

# "

000000
000000
000000
010100
010100
000000
000000
000000
000000
000000
000000
000000

# #

000000
000000
000000
000000
010100
111110
010100
111110
010100
000000
000000
000000

# $

000000
000000
000000
011100
101010
101000
011100
001010
101010
011100
000000
000000

# %

000000
000000
000000
000000
100010
000100
001000
010000
100010
000000
000000
000000

# &

000000
000000
000000
011000
100100
011000
101010
100100
100100
011010
000000
000000

# '

000000
000000
000000
001000
001000
000000
000000
000000
000000
000000
000000
000000

# (

000000
000000
000000
000100
001000
010000
010000
010000
001000
000100
000000
000000

# )

000000
000000
000000
010000
001000
000100
000100
000100
001000
010000
000000
000000

# *

000000
000000
000000
000000
101010
011100
111110
011100
101010
000000
000000
000000

# +

000000
000000
000000
000000
001000
001000
111110
001000
001000
000000
000000
000000

# ,

000000
000000
000000
000000
000000
000000
000000
010000
010000
100000
000000
000000

# -

000000
000000
000000
000000
000000
000000
111110
000000
000000
000000
000000
000000

# .

000000
000000
000000
000000
000000
000000
000000
000000
000000
001000
000000
000000

# /

000000
000000
000000
000000
000010
000100
001000
010000
100000
000000
000000
000000

# 0

000000
000000
000000
011100
100010
100110
101010
110010
100010
011100
000000
000000

# 1

000000
000000
000000
001000
011000
001000
001000
001000
001000
011100
000000
000000

# 2

000000
000000
000000
011100
100010
000010
000100
001000
010000
111110
000000
000000

# 3

000000
000000
000000
011100
100010
000010
001100
000010
100010
011100
000000
000000

# 4

000000
000000
000000
000100
001100
010100
100100
111110
000100
000100
000000
000000

# 5

000000
000000
000000
111110
100000
111100
000010
000010
100010
011100
000000
000000

# 6

000000
000000
000000
011100
100010
100000
111100
100010
100010
011100
000000
000000

# 7

000000
000000
000000
111110
000010
000100
001000
001000
001000
001000
000000
000000

# 8

000000
000000
000000
011100
100010
100010
011100
100010
100010
011100
000000
000000

# 9

000000
000000
000000
011100
100010
100010
011110
000010
100010
011100
000000
000000

# :

000000
000000
000000
000000
000000
001000
000000
001000
000000
000000
000000
000000

# ;

000000
000000
000000
000000
000000
001000
000000
001000
001000
010000
000000
000000

# <

000000
000000
000000
000100
001000
010000
100000
010000
001000
000100
000000
000000

# =

000000
000000
000000
000000
000000
111100
000000
111100
000000
000000
000000
000000

# >

000000
000000
000000
100000
010000
001000
000100
001000
010000
100000
000000
000000

# ?

000000
000000
000000
011100
100010
000100
001000
001000
000000
001000
000000
000000

# @

000000
000000
000000
011100
100010
101110
101010
101110
100000
011110
000000
000000

# A

000000
000000
000000
011100
100010
100010
111110
100010
100010
100010
000000
000000

# B

000000
000000
000000
111100
100010
100010
111100
100010
100010
111100
000000
000000

# C

000000
000000
000000
011100
100010
100000
100000
100000
100010
011100
000000
000000

# D

000000
000000
000000
111100
100010
100010
100010
100010
100010
111100
000000
000000

# E

000000
000000
000000
111110
100000
100000
111100
100000
100000
111110
000000
000000

# F

000000
000000
000000
111110
100000
100000
111100
100000
100000
100000
000000
000000

# G

000000
000000
000000
011100
100010
100000
101110
100010
100010
011100
000000
000000

# H

000000
000000
000000
100010
100010
100010
111110
100010
100010
100010
000000
000000

# I

000000
000000
000000
011100
001000
001000
001000
001000
001000
011100
000000
000000

# J

000000
000000
000000
011110
000100
000100
000100
000100
100100
011000
000000
000000

# K

000000
000000
000000
100010
100100
101000
110000
101000
100100
100010
000000
000000

# L

000000
000000
000000
100000
100000
100000
100000
100000
100000
111110
000000
000000

# M

000000
000000
000000
100010
110110
101010
100010
100010
100010
100010
000000
000000

# N

000000
000000
000000
100010
110010
101010
100110
100010
100010
100010
000000
000000

# O

000000
000000
000000
011100
100010
100010
100010
100010
100010
011100
000000
000000

# P

000000
000000
000000
111100
100010
100010
111100
100000
100000
100000
000000
000000

# Q

000000
000000
000000
011100
100010
100010
100010
101010
100100
011010
000000
000000

# R

000000
000000
000000
111100
100010
100010
111100
101000
100100
100010
000000
000000

# S

000000
000000
000000
011100
100010
100000
011100
000010
100010
011100
000000
000000

# T

000000
000000
000000
111110
001000
001000
001000
001000
001000
001000
000000
000000

# U

000000
000000
000000
100010
100010
100010
100010
100010
100010
011100
000000
000000

# V

000000
000000
000000
100010
100010
100010
100010
100010
010100
001000
000000
000000

# W

000000
000000
000000
100010
100010
100010
101010
101010
110110
100010
000000
000000

# X

000000
000000
000000
100010
100010
010100
001000
010100
100010
100010
000000
000000

# Y

000000
000000
000000
100010
100010
010100
001000
001000
001000
001000
000000
000000

# Z

000000
000000
000000
111110
000010
000100
001000
010000
100000
111110
000000
000000

# [

000000
000000
000000
011100
010000
010000
010000
010000
010000
011100
000000
000000

# backslash

000000
000000
000000
000000
100000
010000
001000
000100
000010
000000
000000
000000

# ]

000000
000000
000000
011100
000100
000100
000100
000100
000100
011100
000000
000000

# ^

000000
000000
000000
001000
010100
000000
000000
000000
000000
000000
000000
000000

# _

000000
000000
000000
000000
000000
000000
000000
000000
000000
111110
000000
000000

# `

000000
000000
000000
010000
010000
001000
000000
000000
000000
000000
000000
000000

# a

000000
000000
000000
000000
000000
011100
000010
011110
100010
011110
000000
000000

# b

000000
000000
000000
100000
100000
111100
100010
100010
100010
111100
000000
000000

# c

000000
000000
000000
000000
000000
011100
100010
100000
100010
011100
000000
000000

# d

000000
000000
000000
000010
000010
011110
100010
100010
100010
011110
000000
000000

# e

000000
000000
000000
000000
000000
011100
100010
111110
100000
011100
000000
000000

# f

000000
000000
000000
001000
010100
010000
111000
010000
010000
010000
000000
000000

# g

000000
000000
000000
000000
000000
011110
100010
100010
100010
011110
000010
111100

# h

000000
000000
000000
100000
100000
111100
100010
100010
100010
100010
000000
000000

# i

000000
000000
000000
001000
000000
011000
001000
001000
001000
011100
000000
000000

# j

000000
000000
000000
000100
000000
000100
000100
000100
000100
000100
000100
011000

# k

000000
000000
000000
100000
100000
100100
101000
110000
101000
100100
000000
000000

# l

000000
000000
000000
011000
001000
001000
001000
001000
001000
011100
000000
000000

# m

000000
000000
000000
000000
000000
010100
101010
101010
100010
100010
000000
000000

# n

000000
000000
000000
000000
000000
111100
100010
100010
100010
100010
000000
000000

# o

000000
000000
000000
000000
000000
011100
100010
100010
100010
011100
000000
000000

# p

000000
000000
000000
000000
000000
111100
100010
100010
100010
111100
100000
100000

# q

000000
000000
000000
000000
000000
011110
100010
100010
100010
011110
000010
000010

# r

000000
000000
000000
000000
000000
101100
110010
100000
100000
100000
000000
000000

# s

000000
000000
000000
000000
000000
011110
100000
011100
000010
111100
000000
000000

# t

000000
000000
000000
010000
010000
111000
010000
010000
010000
001100
000000
000000

# u

000000
000000
000000
000000
000000
100010
100010
100010
100010
011100
000000
000000

# v

000000
000000
000000
000000
000000
100010
100010
100010
010100
001000
000000
000000

# w

000000
000000
000000
000000
000000
100010
101010
101010
101010
010100
000000
000000

# x

000000
000000
000000
000000
000000
100010
010100
001000
010100
100010
000000
000000

# y

000000
000000
000000
000000
000000
100010
100010
100010
100010
011110
000010
011100

# z

000000
000000
000000
000000
000000
111110
000100
001000
010000
111110
000000
000000

# {

000000
000000
000000
000100
001000
001000
010000
001000
001000
000100
000000
000000

# |

000000
000000
000000
001000
001000
001000
001000
001000
001000
001000
000000
000000

# }

000000
000000
000000
010000
001000
001000
000100
001000
001000
010000
000000
000000

# ~

000000
000000
000000
010100
101000
000000
000000
000000
000000
000000
000000
000000

# block

111110
111110
111110
111110
111110
111110
111110
111110
111110
111110
111110
111110

